image: simulator_map.pgm
resolution: 0.200000
origin: [-23.000000, -13.800000, -0.000000]
negate: 0
occupied_thresh: 0.65
free_thresh: 0.196